60721804
60721857
1102583725
1102566493
50519494
60724775
60727262
60727209
50531390
50531676
50531877
50551705
1102592386
1102592489
1102592687
1102592776
1102592865
1102593101
1102593395
1102593484
50585461
50585526
50585753
50585818
50585948
50612805
50612873
50612941
50589779
50589890
50590047
50613774
1102609003
1102609092
1102609268
1102609357
1102609446
50613834
60756898
50623837
50628511
50628578
50634769
50635008
1102625369
50646073
50646337
50646405
50647135
50647195
50647587
50653582
50653650
60760262
60760319
60760376
50656363
50665250
50665484
50666019
50695322
